c[0] = 0.000000
c[1] = 2.500000
c[2] = 5.000000
c[3] = 7.500000
c[4] = 10.000000
c[5] = 12.500000
c[6] = 15.000000
c[7] = 17.500000
c[8] = 20.000000
c[9] = 22.500000
Execution Time: 0.001250 seconds
